$par
  ln_H_input   ln_H_input      beta1_t      beta1_t      beta1_t      beta1_t      beta1_t      beta1_t 
 -0.40662459  -0.50605767  -0.53270079   0.25859580   0.83950592   1.04030964   0.88881958   1.02661127 
     beta1_t      beta1_t      beta1_t      beta1_t      beta1_t      beta1_t      beta1_t    lambda1_k 
  0.87883415   1.72071252   1.80314072   1.97715726   1.45046640   1.34554601   2.06212828 -18.98729538 
   lambda1_k     logetaE1     logetaO1    logkappa1      beta2_t      beta2_t      beta2_t      beta2_t 
  8.02632232  -1.23456041  -2.81853376  -4.33075582  -6.10462749  -5.93824988  -5.88556271  -6.23986899 
     beta2_t      beta2_t      beta2_t      beta2_t      beta2_t      beta2_t      beta2_t      beta2_t 
 -6.42351517  -6.28243092  -5.99809775  -5.33096673  -5.24936612  -5.81211183  -6.07509216  -6.15150344 
     beta2_t    lambda2_k    lambda2_k     logetaE2     logetaO2    logkappa2    logSigmaM 
 -5.77162641 -14.30726466  11.88842888  -0.94636634  -1.27910309  -3.85310883  -0.06959638 

$objective
[1] -14165.78

$convergence
[1] 0

$iterations
[1] 5

$evaluations
function gradient 
      10        6 

$message
[1] "relative convergence (4)"

$run_time
Time difference of 12.38477 mins

$number_of_coefficients
 Total  Fixed Random 
  8887     39   8848 

$AIC
[1] -28253.55

$diagnostics
        Param starting_value      Lower          MLE      Upper final_gradient
1  ln_H_input       0.000000 -50.000000  -0.40662459 50.0000000   1.426248e-04
2  ln_H_input       0.000000 -50.000000  -0.50605767 50.0000000   3.214742e-04
3     beta1_t      -5.869015 -50.000000  -0.53270079 50.0000000   1.277058e-05
4     beta1_t      -5.703262 -50.000000   0.25859580 50.0000000   1.528255e-04
5     beta1_t      -5.745679 -50.000000   0.83950592 50.0000000  -1.235659e-04
6     beta1_t      -5.752865 -50.000000   1.04030964 50.0000000   8.405100e-05
7     beta1_t      -5.728207 -50.000000   0.88881958 50.0000000  -9.990699e-05
8     beta1_t      -5.709072 -50.000000   1.02661127 50.0000000   5.190542e-05
9     beta1_t      -5.594660 -50.000000   0.87883415 50.0000000   2.786494e-05
10    beta1_t      -5.563206 -50.000000   1.72071252 50.0000000   5.373607e-05
11    beta1_t      -5.578661 -50.000000   1.80314072 50.0000000  -1.066800e-04
12    beta1_t      -5.572839 -50.000000   1.97715726 50.0000000   3.571531e-05
13    beta1_t      -5.678990 -50.000000   1.45046640 50.0000000   4.383845e-05
14    beta1_t      -5.588867 -50.000000   1.34554601 50.0000000   1.379213e-06
15    beta1_t      -5.673777 -50.000000   2.06212828 50.0000000  -3.107250e-04
16  lambda1_k       0.000000 -50.000000 -18.98729538 50.0000000   5.641560e-05
17  lambda1_k       0.000000 -50.000000   8.02632232 50.0000000  -1.449097e-05
18   logetaE1       0.000000 -50.000000  -1.23456041  3.3396581  -2.106361e-05
19   logetaO1       0.000000 -50.000000  -2.81853376  3.3396581  -5.522442e-04
20  logkappa1       0.000000  -6.505873  -4.33075582 -0.9621479   8.380837e-04
21    beta2_t      -6.812705 -50.000000  -6.10462749 50.0000000   3.717756e-04
22    beta2_t      -6.695111 -50.000000  -5.93824988 50.0000000   6.200000e-04
23    beta2_t      -7.225959 -50.000000  -5.88556271 50.0000000  -7.339936e-05
24    beta2_t      -7.071955 -50.000000  -6.23986899 50.0000000   2.213137e-04
25    beta2_t      -7.011162 -50.000000  -6.42351517 50.0000000  -9.667483e-05
26    beta2_t      -6.715279 -50.000000  -6.28243092 50.0000000   1.716354e-04
27    beta2_t      -6.254236 -50.000000  -5.99809775 50.0000000   4.816190e-04
28    beta2_t      -6.009934 -50.000000  -5.33096673 50.0000000   1.491818e-04
29    beta2_t      -6.756184 -50.000000  -5.24936612 50.0000000   6.845154e-05
30    beta2_t      -6.954612 -50.000000  -5.81211183 50.0000000  -1.402666e-04
31    beta2_t      -6.765358 -50.000000  -6.07509216 50.0000000  -1.926423e-04
32    beta2_t      -6.587582 -50.000000  -6.15150344 50.0000000  -6.606280e-05
33    beta2_t      -6.738340 -50.000000  -5.77162641 50.0000000   3.331420e-04
34  lambda2_k       0.000000 -50.000000 -14.30726466 50.0000000   1.994247e-04
35  lambda2_k       0.000000 -50.000000  11.88842888 50.0000000   2.304906e-05
36   logetaE2       0.000000 -50.000000  -0.94636634  3.3396581   4.229194e-04
37   logetaO2       0.000000 -50.000000  -1.27910309  3.3396581  -3.389993e-04
38  logkappa2       0.000000  -6.505873  -3.85310883 -0.9621479   9.853917e-05
39  logSigmaM       1.609438 -50.000000  -0.06959638 10.0000000  -2.939697e-03

